GeneID	baseMean	log2FoldChange	lfcSE	stat	pvalue	padj
ENSG00000051523.11	557.351421386926	-5.22312974367578	0.228288750703988	-22.8794880499757	7.43687431997516e-116	1.30539454938524e-111
ENSG00000123496.8	1735.28645538674	-4.70716037594081	0.247367378090574	-19.0290264313562	9.80575413575685e-81	8.606020117247e-77
ENSG00000115318.12	436.351073628265	-3.57767595440771	0.220265748171437	-16.2425433101071	2.52245697898185e-59	1.47588957840228e-55
ENSG00000106991.14	1141.77011031999	-2.29400575367471	0.144473932186402	-15.878336797222	8.95207859998541e-57	3.9283958916386e-53
ENSG00000128606.13	191.174075811706	-4.24954172527652	0.279048638632085	-15.228677502632	2.28160118287276e-52	6.67482426049425e-49
ENSG00000135269.18	153.507088166303	-4.55763088335234	0.315138139194747	-14.4623272035501	2.09589693056316e-47	5.25561126031072e-44
ENSG00000162407.9	187.972039858818	-4.62521701057218	0.329725153977231	-14.0274921545463	1.05828162153376e-44	2.32200216284775e-41
ENSG00000184347.15	478.407489159421	-2.3065538677126	0.167853709032027	-13.7414530844385	5.73138197748971e-43	1.11781053167641e-39
ENSG00000103485.19	353.871109091587	-4.62337751996095	0.336828320239247	-13.7262137479325	7.07345714230928e-43	1.24160393218955e-39
ENSG00000169744.13	220.521173199844	-5.01819466829383	0.371816166212886	-13.4964402419787	1.64116345072423e-41	2.61884927732386e-38
ENSG00000112769.20	209.176918171158	-3.17392346017494	0.241557483172777	-13.1394126916977	1.95740052376708e-39	2.8631876161403e-36
ENSG00000128567.17	851.450754775207	-3.29720013453927	0.254826353877375	-12.9390076197767	2.71108816064046e-38	3.39912360598014e-35
ENSG00000149591.17	299.91001153746	-3.56897978618641	0.29345649615881	-12.1618700996654	4.96098251205543e-34	5.80534173560727e-31
ENSG00000166025.18	326.349022281067	-2.85391649009291	0.244259569912656	-11.6839495423391	1.53971345054105e-31	1.68916188733419e-28
ENSG00000131203.13	156.096542334219	-2.71099101976331	0.233355618430694	-11.6174233900799	3.3612084086597e-31	3.47054654101199e-28
ENSG00000144810.16	107.27354400349	-4.04756450274373	0.349025188696344	-11.5967690408303	4.27930899498201e-31	4.17303948827329e-28
ENSG00000104419.17	159.491642920969	-3.21190594883098	0.28702428465271	-11.1903630479117	4.54568582286893e-29	3.98952116244091e-26
ENSG00000197632.9	111.077512407515	-6.12605670085371	0.552904273568982	-11.0797781708399	1.57261704526649e-28	1.31448319026489e-25
ENSG00000180818.5	338.275579096498	-2.53160717965349	0.229567368015157	-11.0277309947917	2.80861734513046e-28	2.24089364813977e-25
ENSG00000108602.18	256.240778661275	-2.13858937351129	0.194098991593859	-11.0180344367073	3.12815099802789e-28	2.38732323775581e-25
ENSG00000001617.12	701.630560144353	-1.68539719548121	0.156103211444832	-10.796684961711	3.56855918369034e-27	2.60995497297153e-24
ENSG00000184515.11	137.676625712626	-5.27724489203265	0.512357360598271	-10.2999298885265	7.0512674609004e-25	4.42038920504231e-22
ENSG00000139329.5	1646.86128128886	-2.17028715999313	0.215041497477017	-10.0924109321043	5.96852758173033e-24	3.61260567731422e-21
ENSG00000114251.15	75.5201822389589	-4.23650599967993	0.434710001682035	-9.74559127530424	1.92654040726695e-22	1.05676761777365e-19
ENSG00000166033.13	95.2108987811072	-2.97718699632113	0.306481691332275	-9.71407780797379	2.62615412634318e-22	1.39687525393036e-19
ENSG00000183486.14	296.302009285904	-11.5866316363518	1.20010119808025	-9.65471216501276	4.69475814113961e-22	2.42373793092422e-19
ENSG00000179046.9	87.8726609113168	-3.4067112265208	0.364691495353672	-9.34135089499969	9.51127271276452e-21	4.51219918722042e-18
ENSG00000185339.9	58.6563291208345	-3.52434525571979	0.386866477314281	-9.10997840957074	8.23983672422655e-20	3.80615405316707e-17
ENSG00000173198.6	149.281080130613	-2.5335362092344	0.278372445673119	-9.10124636476926	8.93010603468706e-20	4.01923464684262e-17
ENSG00000154096.14	25327.1380336381	-1.28060703606896	0.141830659547575	-9.02912698956605	1.73046759922203e-19	7.59372444228606e-17
ENSG00000137959.17	66.3536279886332	-2.94119593359315	0.327123275724534	-8.99109342518902	2.44782865916299e-19	1.0479691818119e-16
ENSG00000147408.14	137.279031906567	-10.4766003957189	1.19645828790871	-8.75634403772731	2.01685480052593e-18	8.42901245562658e-16
ENSG00000196511.14	191.109218370768	-1.94227771610195	0.225802632333425	-8.60166108796262	7.85705224306302e-18	3.2073218144764e-15
ENSG00000162194.12	941.797205583232	-2.51343130945105	0.294573095768642	-8.53245372898922	1.43275863032796e-17	5.58871383069926e-15
ENSG00000263873.1	534.900876180099	-1.74009832664452	0.203924563847475	-8.53304915216601	1.42540091247067e-17	5.58871383069926e-15
ENSG00000078098.14	104.23839858984	-10.0791963347949	1.20727435280232	-8.3487206627053	6.90063248874472e-17	2.52347504322783e-14
ENSG00000111371.16	470.94162304771	-1.42404107719155	0.171097183848299	-8.32299541793838	8.57677632290943e-17	3.07241132236794e-14
ENSG00000152580.9	65.7854338236097	-4.03027730094646	0.484549311068623	-8.31757926155772	8.97780555417787e-17	3.15174841784968e-14
ENSG00000001561.7	308.822082148958	-1.77721765471591	0.218376465416389	-8.13832045191866	4.00798863348631e-16	1.32740046195444e-13
ENSG00000137868.19	100.619112304622	-3.98823608074539	0.49318723147053	-8.08665720897459	6.13245470248768e-16	1.99338847023641e-13
ENSG00000164176.13	59.4093790574056	-5.35950194546762	0.665740599428326	-8.05043578545434	8.24997519865866e-16	2.58592526182242e-13
ENSG00000154678.18	69.7703127837597	-7.05044419080707	0.875619587106194	-8.05194892237147	8.14859153315578e-16	2.58592526182242e-13
ENSG00000135919.14	7695.79530685918	-2.10263262890581	0.26364244523479	-7.97531909944655	1.51987621206451e-15	4.68041879831022e-13
ENSG00000171234.14	89.1915929648663	-7.99401332752547	1.04412352303788	-7.6561950297479	1.91522802637792e-14	5.69796568593418e-12
ENSG00000049247.14	52.4630046390691	-4.24520358811743	0.556299287203166	-7.63115050795856	2.32667850056748e-14	6.80669795341017e-12
ENSG00000136231.14	67.4653522944416	-2.27202772749957	0.298302520005415	-7.61652207114551	2.60602046014525e-14	7.49893067818516e-12
ENSG00000158445.10	255.36173116146	-2.82007075442049	0.372758947888659	-7.56540056353744	3.8667120800411e-14	1.09471608291873e-11
ENSG00000173546.7	2979.19684254963	-1.12380323028212	0.14860832285678	-7.56218231037553	3.96362302581753e-14	1.10434087257421e-11
ENSG00000102678.7	202.204244613842	-1.83993935645196	0.24466621778878	-7.52020190233366	5.46917165741646e-14	1.50000578285361e-11
ENSG00000151790.9	76.7731949863014	-2.29506147932375	0.306995839958254	-7.47587159368623	7.66938164283138e-14	2.07108701502491e-11
ENSG00000011465.18	65.3149444341865	-3.26291234119759	0.436707371702231	-7.4716218516742	7.92123688082926e-14	2.10668895407873e-11
ENSG00000162458.13	258.074380148881	-1.48508427165238	0.199751197975131	-7.43467016321613	1.04829203262611e-13	2.74636866398299e-11
ENSG00000115902.11	245.711333199606	-1.73026096344458	0.234743171852068	-7.37086812703957	1.69520470487052e-13	4.37587179185181e-11
ENSG00000113319.13	51.7596416244443	-9.0694923746019	1.23187094496327	-7.36237218004382	1.80670397403328e-13	4.59609780524727e-11
ENSG00000099204.20	384.08771904853	-1.32999201339274	0.180968470647656	-7.34930238749834	1.99243980567452e-13	4.99618512985784e-11
ENSG00000203727.4	48.540011841631	-2.58705473232397	0.355218743050015	-7.2829905035718	3.26500219833018e-13	7.95980327601244e-11
ENSG00000122378.14	37.0161888478585	-5.3711719873594	0.74033017649224	-7.2551034091418	4.01355084625155e-13	9.65066548003473e-11
ENSG00000176463.14	751.691352108624	-1.0266730991548	0.142451057824551	-7.20719884312332	5.71145725122076e-13	1.35477309636051e-10
ENSG00000075461.6	1218.29278169374	-1.10950812916534	0.154093207678802	-7.20024033426599	6.01065202660175e-13	1.40673300030587e-10
ENSG00000168952.15	40.4051371577278	-3.4060916430191	0.473257974483346	-7.19711410407298	6.15002959446227e-13	1.42041407199469e-10
ENSG00000131149.19	1004.89571736373	-1.02719963338172	0.144413074239778	-7.1129268509041	1.13607500111186e-12	2.58980837591122e-10
ENSG00000132639.13	42.5326756455897	-2.72154588955437	0.387423005390701	-7.02474001720625	2.14465208080789e-12	4.70563474680262e-10
ENSG00000259803.8	61.8062028517428	-2.28391426236059	0.328783189225184	-6.94656642191133	3.74283750508211e-12	7.93035787078922e-10
ENSG00000166265.13	35.6085913796225	-8.52954361536216	1.22792610882713	-6.94630039547679	3.74989861149379e-12	7.93035787078922e-10
ENSG00000117115.13	138.481130254086	-1.54555804382264	0.223576435102193	-6.91288437046683	4.74897035666339e-12	9.92365198458482e-10
ENSG00000071575.12	111.418060740386	-1.87392799496334	0.271258113227132	-6.90828367369145	4.90552310457828e-12	1.01301937711368e-09
ENSG00000120594.17	33.7447229771692	-8.45282843538163	1.22407413146436	-6.9054873541601	5.00313655819346e-12	1.02116344192988e-09
ENSG00000151388.11	55.5120219391764	-7.31049684004155	1.06008260748209	-6.89615770360146	5.34278823572592e-12	1.07795358507698e-09
ENSG00000171033.13	33.3791987636777	-8.43638051096422	1.22434711601057	-6.89051364653303	5.55912932667061e-12	1.10885678489829e-09
ENSG00000084636.18	180.496610281908	-1.92475122523623	0.281558278160534	-6.83606689816027	8.13969443432572e-12	1.58751173784133e-09
ENSG00000157680.16	115.437108239934	-1.85068733730596	0.272744662814519	-6.78542090689608	1.15748550168253e-11	2.23267505615752e-09
ENSG00000143126.8	547.571700275043	-1.00811665154507	0.149435006155741	-6.74618804173909	1.51779888932062e-11	2.83424722385584e-09
ENSG00000129009.13	43.1546761990536	-3.84933226223847	0.571339562451617	-6.73738091183638	1.61267016431702e-11	2.97970519939544e-09
ENSG00000196376.11	122.467162512586	-1.91802480866846	0.286917320893229	-6.68493907128814	2.31020740805919e-11	4.18052274573846e-09
ENSG00000115461.5	36.3275452702051	-8.55921025255288	1.28240337437886	-6.67435100652209	2.48328619089713e-11	4.35891225088173e-09
ENSG00000157087.20	62.6842388421426	-7.47942119660934	1.12037557275212	-6.67581601965555	2.45860249799149e-11	4.35891225088173e-09
ENSG00000079385.23	65.3627738669725	-3.37665305987993	0.514196927897618	-6.5668479850433	5.13914626850975e-11	8.84386612266193e-09
ENSG00000112175.8	25.4082473817539	-8.04356040273569	1.24632690198044	-6.45381271154007	1.09070593562809e-10	1.82334869410284e-08
ENSG00000114757.19	24.4973468739331	-4.47935548743099	0.694914041162283	-6.44591305125885	1.1490652693101e-10	1.9027870445472e-08
ENSG00000183778.18	41.0091403844731	-6.87167323110627	1.08288312123169	-6.34572013948313	2.21387371714823e-10	3.59815975528731e-08
ENSG00000184809.13	23.2618576586047	-7.91578866769721	1.24939312318399	-6.33570692907643	2.36255493784659e-10	3.80458044257075e-08
ENSG00000137767.14	38.5227716984136	-6.76677999311725	1.07424635378037	-6.29909514638273	2.99388184482131e-10	4.73437910109446e-08
ENSG00000159674.12	5541.8926248399	-1.3604370842859	0.217909667520643	-6.24312404201629	4.28916480556839e-10	6.60418507299491e-08
ENSG00000183287.14	27.6021240969682	-5.28320904626605	0.846099359586639	-6.24419459299338	4.25989390106187e-10	6.60418507299491e-08
ENSG00000101096.20	120.825320523069	-1.44034356189592	0.231577677300777	-6.21969949212841	4.98107946664825e-10	7.47289639983561e-08
ENSG00000211934.3	30.1712911547119	-2.77372987098949	0.450509936225567	-6.15686724743114	7.41979933957767e-10	1.10372659158989e-07
ENSG00000105792.19	35.4649185705805	-2.60797380207507	0.428816462119092	-6.08179496931434	1.18844481963552e-09	1.72403073711259e-07
ENSG00000167779.9	576.842827982368	-1.07346299224872	0.179004935924323	-5.99683459400552	2.01200809502121e-09	2.82534224735259e-07
ENSG00000116774.12	22.5540565534276	-4.97358766466089	0.831019286460836	-5.98492447250234	2.164902953867e-09	3.01591599597043e-07
ENSG00000260448.6	37.1481136403428	-2.41312783507698	0.404852059152941	-5.9605176274165	2.51440177310472e-09	3.44806986900837e-07
ENSG00000272808.4	23.0235507648122	-5.42067610456954	0.910619727885074	-5.95273299993086	2.63701316504311e-09	3.53339634244287e-07
ENSG00000105894.12	105.557450601398	-1.69344927718416	0.285081611900897	-5.94022625974505	2.84628962139794e-09	3.75165308508856e-07
ENSG00000103196.12	81.2408837753851	-2.55912463723249	0.433608806158302	-5.9019203505249	3.59294627213946e-09	4.67162858628621e-07
ENSG00000103522.16	22.8517713959587	-4.14962999054325	0.70710688557483	-5.86846214511103	4.39855795130713e-09	5.67705056759516e-07
ENSG00000135048.14	245.008885782677	-2.02853149565245	0.35124339296975	-5.77528726875482	7.6821903757e-09	9.63182054747587e-07
ENSG00000154102.11	47.5859551336004	-2.10085233129622	0.363878411276328	-5.77350088983663	7.7641196128852e-09	9.66550294787049e-07
ENSG00000164283.13	75.552024139005	-9.61517310439628	1.67334947268405	-5.74606396413627	9.13447638650696e-09	1.12913707050955e-06
ENSG00000172828.13	45.4426341840903	-1.86867751998727	0.329867200401742	-5.66493885330651	1.47076974898857e-08	1.78044285544803e-06
ENSG00000185634.12	31.2961779667856	-2.58383479594996	0.456411571928717	-5.66119475242732	1.50322707675735e-08	1.80727019714533e-06
ENSG00000132386.11	217.932698887469	-1.51534453767554	0.269924765002184	-5.61395149371819	1.97757672006614e-08	2.32969155485376e-06
ENSG00000130707.18	20.7029191596301	-3.77681392777634	0.674152850154498	-5.60231099951709	2.11512612573872e-08	2.46730449011109e-06
ENSG00000154721.15	338.534983045354	-1.23407671404494	0.220303662789488	-5.60170765396747	2.12250315049721e-08	2.46730449011109e-06
ENSG00000124212.6	22.0018161591294	-3.02006363259218	0.541892001429308	-5.57318363184248	2.50125673258869e-08	2.85094541734605e-06
ENSG00000271447.6	22.2289054967708	-6.8771337439167	1.250582364945	-5.49914498771871	3.81637241563423e-08	4.29415288536075e-06
ENSG00000121440.15	20.4604791988434	-6.75686631961558	1.24021515132353	-5.44814043950743	5.08991626002191e-08	5.61907547875249e-06
ENSG00000087245.13	29.411363780556	-4.33539799297488	0.796870282987316	-5.44053164678484	5.31218018321522e-08	5.7915961960234e-06
ENSG00000100311.17	737.118789817994	-1.30244075469456	0.239852982367556	-5.4301628515866	5.63026505029197e-08	6.10049644615895e-06
ENSG00000215861.6	18.9340641969577	-3.48701826994632	0.645323793254671	-5.40351728294357	6.53466561029815e-08	7.03699297285665e-06
ENSG00000146197.9	179.229782931431	-1.07092710748548	0.198391846101431	-5.39803993223569	6.7372874444219e-08	7.16724887951137e-06
ENSG00000253741.2	119.880955314103	-1.63198347089047	0.302399835584942	-5.39677367130069	6.78498878926044e-08	7.1745125432463e-06
ENSG00000206075.14	11.9423260482782	-6.95398373986857	1.29216698114315	-5.38164481939984	7.38082887359729e-08	7.75782570169181e-06
ENSG00000123388.4	22.68094591044	-3.45971216578701	0.643327766842271	-5.37783746342671	7.53858240252331e-08	7.82986608943737e-06
ENSG00000158859.10	47.9595351819249	-1.78522042435776	0.333522730312471	-5.35261996291893	8.66897935505325e-08	8.95097615407351e-06
ENSG00000189190.10	396.601109885455	-1.15837487234814	0.21659217925811	-5.34818420644688	8.88410214399834e-08	9.11945292009373e-06
ENSG00000116985.12	97.9769670282425	-1.24131603147475	0.232324032450214	-5.3430375600112	9.14018147747131e-08	9.32776776011942e-06
ENSG00000151789.12	368.578741854412	-1.21154275869242	0.227365623822937	-5.32861009646702	9.89671984642561e-08	1.00414522233704e-05
ENSG00000145882.11	759.309700504498	-1.0985190899733	0.206289085306595	-5.32514402466152	1.00873081062904e-07	1.01760068499837e-05
ENSG00000278023.7	28.9842213376944	-2.243930093242	0.427333323211849	-5.25100658281586	1.51270273092661e-07	1.46468343807691e-05
ENSG00000152402.11	19.7515093188494	-3.06055036307295	0.584549578340138	-5.23574128949602	1.64323993056403e-07	1.56759730984731e-05
ENSG00000260630.7	130.89563282474	-1.54361925023103	0.296166359223647	-5.21200062788149	1.86814916897409e-07	1.77252012772985e-05
ENSG00000155530.3	18.2037538208255	-4.046636043518	0.777492856470843	-5.20472440336789	1.94284722013859e-07	1.82367899759854e-05
ENSG00000174640.15	44.0525198132305	-2.01427150305065	0.387485229571702	-5.19831815338377	2.01099721770857e-07	1.87760820012971e-05
ENSG00000101210.13	158.494657075783	-1.48346135055183	0.286171162209572	-5.18382543893591	2.17380402077303e-07	1.9977372762633e-05
ENSG00000156510.13	52.8654629702025	-1.96908626075092	0.381905437651571	-5.1559524076413	2.52344988411812e-07	2.25990386815946e-05
ENSG00000153814.13	38.496584216126	-1.91290688091441	0.371313731351923	-5.1517267458698	2.58098917338226e-07	2.29970065788725e-05
ENSG00000153823.19	55.0510398872817	-1.53532963466276	0.298352057243961	-5.14603334344475	2.66052152930651e-07	2.35859264666248e-05
ENSG00000166578.10	148.255599058665	-1.13405686731006	0.222360127192388	-5.10009092740294	3.39490351211368e-07	2.95003670040255e-05
ENSG00000234840.2	41.5740482631604	-1.96463056858394	0.386851782371295	-5.07850980171604	3.80406810025988e-07	3.28930085536264e-05
ENSG00000157214.14	40.1175068907527	-1.89861225571626	0.374291760102482	-5.07254622756433	3.92527738377664e-07	3.37747029007016e-05
ENSG00000273297.2	20.8849672591082	-2.59902430509196	0.513261427899562	-5.06374366709776	4.11102336251442e-07	3.50419011532123e-05
ENSG00000075407.18	449.938097886613	-1.03801740859293	0.204992845200391	-5.06367628381477	4.11247743266777e-07	3.50419011532123e-05
ENSG00000180806.5	195.950258588441	-1.40134919355843	0.276870609681846	-5.06138659920867	4.16218272742376e-07	3.52941030987774e-05
ENSG00000179083.7	9.29196352562438	-6.5913437489991	1.3102569143697	-5.03057352852809	4.89014800632221e-07	4.02415808688261e-05
ENSG00000120820.13	18.8333599996194	-3.01724611446048	0.600041843720397	-5.02839284632695	4.94607774911651e-07	4.03806989442987e-05
ENSG00000121281.13	149.288984791177	-1.13456511318111	0.226691017646386	-5.00489664284325	5.58920122397363e-07	4.54200227242635e-05
ENSG00000133636.11	75.0486524614612	-8.6400265851177	1.73071369879401	-4.99217553494737	5.97029564037243e-07	4.82933637674918e-05
ENSG00000168917.9	69.4978494918187	-1.33525107444762	0.268387514227263	-4.97508640926183	6.52185409776292e-07	5.21555929938358e-05
ENSG00000221867.9	17.0514117049424	-5.59128976197124	1.12428560568481	-4.97319340717304	6.58588961624169e-07	5.21555929938358e-05
ENSG00000196415.10	50.3676190201229	-1.56383561067337	0.314542148000654	-4.97178397430579	6.63396026481154e-07	5.22178944072811e-05
ENSG00000058335.16	131.085104090405	-1.88566631500646	0.382689619003028	-4.92740388390712	8.33293919242418e-07	6.47203901082396e-05
ENSG00000227954.7	8.79951630482932	-6.51340319893837	1.32572063610937	-4.91310387839587	8.96457491095558e-07	6.90154313210541e-05
ENSG00000178878.13	402.180126294443	-1.55052071969369	0.316612937111984	-4.89721214122493	9.72058800341235e-07	7.3961850404818e-05
ENSG00000198538.11	809.785937428223	-1.4312482538451	0.292766194501071	-4.88870737376021	1.01500240064743e-06	7.67945566317431e-05
ENSG00000182175.14	72.9101280934481	-1.5266599260084	0.312511366177664	-4.88513408226084	1.03358492220295e-06	7.78648761348861e-05
ENSG00000185924.7	1770.47333930442	-1.00427195920818	0.206283135132735	-4.86841524180817	1.12496753555919e-06	8.43869878276516e-05
ENSG00000116991.11	42.5486212332154	-1.77684815675998	0.368198127485057	-4.82579357178314	1.39446887469744e-06	0.000102845009065396
ENSG00000286769.1	8.01473872417685	-6.37862702079086	1.32402803329294	-4.81759212070972	1.45301012896816e-06	0.000106714170685264
ENSG00000138678.11	35.7191060546379	-2.01925788095505	0.420348465713744	-4.80377126517255	1.5570469596481e-06	0.000113405997023664
ENSG00000144645.15	26.5770043197769	-2.26567613702088	0.472224348893939	-4.79788080036031	1.60353154184998e-06	0.000115830408041534
ENSG00000148344.11	57.015839278729	-1.78552427606295	0.373498898140694	-4.78053425311676	1.7482996677582e-06	0.000125770098639999
ENSG00000137463.5	54.5886901060677	-1.38132006830125	0.289852392246565	-4.76559830193232	1.88294066485373e-06	0.000133949303635491
ENSG00000111424.12	28.116476462035	-2.48353573941489	0.521161104291625	-4.76538966351024	1.88489021808046e-06	0.000133949303635491
ENSG00000123364.5	54.7572445826567	-1.99781050349568	0.423104127859036	-4.72179393192137	2.33773475301816e-06	0.000162834357617967
ENSG00000106804.8	109.005964746414	-1.11622987090131	0.23703289755723	-4.70917700624995	2.48719010031109e-06	0.000171880503270711
ENSG00000144619.15	23.814047455223	-2.69358379475536	0.572308381347929	-4.7065251576629	2.51974902380853e-06	0.000173447665156514
ENSG00000223768.2	193.101196334777	-1.42690316981376	0.303743614165113	-4.69772236606794	2.63078700593498e-06	0.000179102304720719
ENSG00000172379.21	43.7214451257041	-1.99220410290599	0.424444306706551	-4.69367611115902	2.68338771681351e-06	0.000181859091093542
ENSG00000030419.17	14.0245255992709	-3.94084594202047	0.847802238004464	-4.64830801968197	3.34668902998735e-06	0.000224215391386901
ENSG00000271743.1	71.5159344983029	-1.33000732459838	0.286510281017063	-4.64209284175451	3.44897813408883e-06	0.000229317852983565
ENSG00000115267.9	78.6473760965999	-1.47885760894409	0.318737967553253	-4.63972842738608	3.48867326754705e-06	0.000231081818359447
ENSG00000128604.20	94.6072818432262	-1.0568321166609	0.228871264770201	-4.61758324148736	3.88234965599999e-06	0.000252395864858399
ENSG00000176641.11	22.1159515874695	-2.41190741651985	0.523472985270135	-4.60751076824949	4.07518106122212e-06	0.000262020707573743
ENSG00000132623.16	81.15200662942	-1.27073629194114	0.27736192937365	-4.58150941915773	4.61631808354878e-06	0.000291475652232129
ENSG00000107485.18	145.310948248816	-1.76792145050454	0.386345725254463	-4.57600883079557	4.7393054789831e-06	0.000298168562984195
ENSG00000111859.17	12.7739581506444	-4.13549377511481	0.904964893854071	-4.56978364928891	4.88227964326088e-06	0.000306066623493422
ENSG00000167157.11	16.4827820165948	-3.4304881111336	0.751104456980719	-4.56725836100539	4.94144804387875e-06	0.000308673443111045
ENSG00000203805.11	6.91173404056129	-6.16512253920659	1.35466205642476	-4.55104098469964	5.3381147610406e-06	0.000332269249647325
ENSG00000135749.19	42.9662528370129	-1.47889898253846	0.325201469566215	-4.54763929729825	5.42510121854256e-06	0.00033649046533243
ENSG00000287453.1	13.3534760947045	-3.10589684558552	0.686816230257959	-4.52216576830019	6.12100922273475e-06	0.000373062760023136
ENSG00000125384.7	10.8653239172409	-5.8332386413157	1.29394828558064	-4.50809256159579	6.54130397182403e-06	0.000397299337776565
ENSG00000161681.16	10.5979083315235	-5.79236200953418	1.29576531495642	-4.47022461758748	7.8137492414021e-06	0.000468104916158126
ENSG00000173227.14	190.455515845667	-1.11416165456475	0.249531345033271	-4.46501682750995	8.006245894402e-06	0.00047800555845047
ENSG00000021300.14	65.6897967912135	-1.19315114750834	0.268336409986937	-4.44647503321084	8.72908069228731e-06	0.000517640383080132
ENSG00000135205.15	54.753955990864	-1.35349237502675	0.30453505269711	-4.44445512278329	8.81148977704078e-06	0.000520767946317834
ENSG00000146592.17	41.624523222865	-1.52958196481315	0.34467482297646	-4.43775368216443	9.09025574486811e-06	0.000535440466743859
ENSG00000115641.19	49.2663448844176	-1.88595222153029	0.425446869044054	-4.43287366473722	9.29853564171421e-06	0.000544057320396698
ENSG00000102048.16	15.5427722567095	-3.52878020146718	0.798032484067664	-4.42185032804753	9.7859237795666e-06	0.000570672159809743
ENSG00000228630.5	16.4635245842452	-2.51828823452847	0.571207955734703	-4.40870651265594	1.0398983222863e-05	0.000598470008232504
ENSG00000187601.5	22.7641405581535	-2.59339059908107	0.589571748630662	-4.3987701329049	1.08866059493019e-05	0.000620430500740571
ENSG00000168404.13	152.807586234201	-1.22804420206855	0.280190408626474	-4.38289164889179	1.17114367334184e-05	0.000663131770908687
ENSG00000183690.13	62.3134228573646	-1.27257162340522	0.292856694053333	-4.34537317823258	1.39039084195651e-05	0.000769890550437305
ENSG00000248508.8	91.7584989506249	-1.13231902670589	0.26068213685201	-4.34367709417968	1.40117425388602e-05	0.000773421750895008
ENSG00000077942.19	65.0284458543809	-1.33018294647962	0.307306208321619	-4.32852610998176	1.50110539045322e-05	0.000820838097153439
ENSG00000165194.15	28.2470822089561	-2.00745850118792	0.464906519660268	-4.31798311336842	1.57461474243647e-05	0.000855703175665245
ENSG00000259972.3	180.001225598835	-1.02002947950667	0.236960506402658	-4.30463917802981	1.67258115533637e-05	0.000906136327766026
ENSG00000148735.15	212.02439054467	-1.18575695588778	0.279280862991901	-4.24575083013179	2.17862633602381e-05	0.00113140319752148
ENSG00000182240.16	18.9418163219682	-2.42348358309371	0.570955750761814	-4.24460841292887	2.18975480279614e-05	0.00113382790718232
ENSG00000213020.10	296.107694756021	-1.19350718614694	0.282030121166635	-4.23184297198443	2.31784214154592e-05	0.0011758694540623
ENSG00000236609.4	10.2852381413203	-3.7866723872182	0.896534416319843	-4.22367766177009	2.4034773967473e-05	0.00121579938746701
ENSG00000181104.7	37.3749474668301	-1.61499374070014	0.385080668346923	-4.19391019453922	2.74186568941521e-05	0.00136339853955539
ENSG00000157578.14	29.3487985085587	-1.70192457445022	0.405967884555095	-4.19226406619672	2.76184250168969e-05	0.00136559496991998
ENSG00000005249.13	9.98297552550902	-4.16006819227373	1.00091322538053	-4.15627257866649	3.23481859272318e-05	0.00153877427528645
ENSG00000228742.11	8.63607374002704	-5.4969940087272	1.32946166668614	-4.13475179200105	3.55338471981432e-05	0.00167668177384142
ENSG00000140876.11	86.3598475730026	-1.018747437902	0.247401026463865	-4.11779794313343	3.82509837561377e-05	0.00177923432967621
ENSG00000174007.9	225.47795937446	-1.16105556478135	0.28324373450408	-4.09913944544684	4.14689141987914e-05	0.00191553644981943
ENSG00000143167.12	38.213106341395	-1.62312725332906	0.398908651404462	-4.06891965770714	4.7231629046949e-05	0.00214781550430336
ENSG00000167642.13	78.1463651192181	-1.09028118462618	0.26839824138467	-4.06217708060009	4.86171743496356e-05	0.00218814682399783
ENSG00000090339.9	63.1939379990282	-1.26450423254065	0.311450649389468	-4.06004686462987	4.90628673061342e-05	0.0022025588486562
ENSG00000049540.18	9.92393365577339	-4.79177685216922	1.18267318770511	-4.05164918084201	5.08578828114265e-05	0.0022657574035253
ENSG00000186007.10	60.9969165591786	-1.43858976861423	0.355499039835136	-4.04667694540436	5.19498584359594e-05	0.00230854649399088
ENSG00000125378.16	51.8893856449234	-1.50897055398886	0.373323867871986	-4.04198789268488	5.29999698009157e-05	0.00234334627182739
ENSG00000262155.2	20.0338915410096	-2.19741568250428	0.544039301601593	-4.0390752580472	5.36623468552305e-05	0.00234896552206948
ENSG00000164161.10	13.0734474304182	-3.5039878220457	0.869013122329184	-4.03214604246032	5.52698215949097e-05	0.00241331138919266
ENSG00000171017.11	294.43774991541	-1.32163694233937	0.328642926552773	-4.02149821449799	5.78291464597729e-05	0.00247838021083666
ENSG00000117643.15	28.7741898247525	-1.847761576978	0.462741980804806	-3.99307098475127	6.5223032392906e-05	0.00273889925261406
ENSG00000171951.5	302.502350397299	-1.14659102386334	0.287768075361083	-3.98442746793446	6.76430133800424e-05	0.00282699479490449
ENSG00000121454.6	69.2296386444217	-1.37522555475966	0.346845908884316	-3.9649467372508	7.34123374659327e-05	0.00302489849657164
ENSG00000102854.16	23.6906679726482	-2.09264767180679	0.528918333620301	-3.95646650681059	7.60665475386528e-05	0.00312692297177043
ENSG00000261652.3	32.9604669879811	-1.53603796744498	0.388469425075811	-3.95407686755585	7.68307081910234e-05	0.00314361170367607
ENSG00000117480.16	17.3178182799446	-2.18069001535108	0.551587327785007	-3.95348099113882	7.70223855474696e-05	0.00314412542677845
ENSG00000224903.2	55.2956956032955	-1.27311204959781	0.322652651306471	-3.9457665834847	7.95450755707246e-05	0.00322460672400215
ENSG00000221866.9	43.6868970244694	-2.01366407381932	0.513800252905212	-3.91915742048264	8.88590651921632e-05	0.00357739259476615
ENSG00000162631.20	22.7321502169744	-2.50165121734535	0.638840965971959	-3.91592172480554	9.00594665735151e-05	0.00361742292165883
ENSG00000249406.3	68.4863708987212	-1.58005681902168	0.405687871473693	-3.89475981444058	9.82960815511231e-05	0.00389478808006064
ENSG00000177409.12	34.7451899266836	-2.10118272053177	0.541156631446593	-3.88276258375507	0.000103276394026321	0.00404645210791076
ENSG00000169840.5	47.2826561397087	-1.21022495517939	0.312428270665046	-3.87360898104152	0.000107235419896391	0.00418289627875855
ENSG00000186409.18	35.304652298373	-1.36260622657795	0.352162705574539	-3.86925192534204	0.000109169795607986	0.00424890780999332
ENSG00000244879.8	431.486192204462	-1.12776538809504	0.291870279450802	-3.86392677670743	0.000111578681676881	0.00432348918206246
ENSG00000253522.6	9.34761763609771	-3.65577624465429	0.947756051348314	-3.85729665292397	0.000114647987627528	0.00442289258643075
ENSG00000167178.16	35.44169823088	-1.83920448522369	0.479276059878213	-3.8374637065975	0.00012431159981227	0.00475390307517381
ENSG00000027644.5	76.9673423002649	-1.46047631078428	0.382740923877388	-3.81583525479536	0.00013572303987581	0.00505806054976666
ENSG00000159784.18	27.0116370237333	-1.53918116115782	0.404871763857548	-3.80165103758475	0.00014373507541391	0.00530038188811001
ENSG00000223764.2	40.4223811466068	-1.99071613199239	0.524392450348645	-3.79623339479593	0.000146911194959476	0.00538357454096801
ENSG00000052850.8	19.1662349437811	-1.86544720424514	0.495282452620355	-3.7664310422785	0.000165597794391603	0.00590800423771504
ENSG00000103150.7	111.150345838783	-1.10325119928782	0.293060723730726	-3.76458225190736	0.000166827748945209	0.00593981232704919
ENSG00000286913.1	49.8455409321697	-1.18799625751965	0.316514234107534	-3.75337387548906	0.000174470334771885	0.00616192713531368
ENSG00000254416.6	11.4543827937827	-2.6546909119163	0.708538496143716	-3.74671373025558	0.00017916635363187	0.00625230020934436
ENSG00000143473.13	215.735812283987	-1.05096906575293	0.281053051817412	-3.73939745168004	0.000184461878887574	0.0064243241272095
ENSG00000245849.8	124.974083445793	-1.13981588013054	0.305560376814737	-3.73024765845741	0.000191291646282379	0.0066097288724303
ENSG00000106823.12	13.5574447632486	-2.31907629434459	0.622877727326317	-3.72316458368025	0.000196741178185624	0.00678467171059383
ENSG00000117228.11	11.4790232279987	-2.84861837191387	0.765680097792083	-3.72037666922276	0.000198925867439283	0.00684656029639554
ENSG00000154822.18	74.7717346754628	-1.39796532735714	0.378157535069974	-3.69678030373891	0.000218351146780683	0.00739906887923035
ENSG00000142233.14	50.9793479193329	-1.09984874358415	0.298527004807568	-3.68425209737094	0.000229375140612606	0.00768362947170435
ENSG00000225614.4	141.216288111286	-1.46525725636516	0.398767010854386	-3.67446959372528	0.000238344024581804	0.00791709861617306
ENSG00000250133.2	17.2710473785995	-1.90813234921568	0.521844813585682	-3.65651300834933	0.000255669442632879	0.00841982312670718
ENSG00000165092.13	9.54394013542797	-4.74185082366879	1.30150270969321	-3.64336607857431	0.000269095690444594	0.00866685624655771
ENSG00000148225.16	24.2376524113598	-1.7845881400731	0.490113008373622	-3.64117685020241	0.000271394622763154	0.00872488976806163
ENSG00000011677.13	6.80160297971174	-5.14315740913647	1.41637803618608	-3.6312038719448	0.000282102221647629	0.00898682449470205
ENSG00000115271.11	11.985817846546	-2.93021330212584	0.811424408377635	-3.6111968926157	0.000304787155894522	0.00958768628569273
ENSG00000206072.13	7.85308447108109	-4.44657626308913	1.23151424505026	-3.61065759568835	0.000305421652917862	0.00959045845020971
ENSG00000279108.1	20.5280454232421	-1.97637879948971	0.550865820937666	-3.5877680632383	0.000333520768051406	0.0103615752948785
ENSG00000167264.18	480.057534703757	-1.04541325827318	0.292137558579934	-3.57849659371045	0.000345576371629618	0.0106606362938747
ENSG00000221955.11	66.0700896408865	-1.12193083626885	0.313676297313998	-3.57671537784626	0.000347938656680082	0.0106991151767749
ENSG00000210151.2	213.471734969247	-1.07829705593478	0.301483492919861	-3.5766371335674	0.000348042771374606	0.0106991151767749
ENSG00000106789.13	68.7553640783606	-1.01811730224618	0.285612227307048	-3.56468387871802	0.000364294987280666	0.0111208172378044
ENSG00000187486.7	41.1446361234783	-1.13675992391731	0.320872399033472	-3.54271644224136	0.000396028284370972	0.0118021807734527
ENSG00000175018.13	43.3325540831969	-1.26249081702422	0.358364664581717	-3.52292215667468	0.000426816700924084	0.012549268930185
ENSG00000139508.15	299.967100347428	-1.01755218925934	0.289508075853161	-3.51476271002348	0.000440147083306341	0.0128979995881072
ENSG00000261115.6	54.7180441258474	-1.30055505871624	0.370351911665976	-3.51167367508885	0.000445294402967505	0.0129838083974894
ENSG00000183067.5	8.78246544364836	-2.88366717220551	0.822707740358945	-3.50509303698465	0.000456447744721102	0.0132211671008078
ENSG00000147655.12	373.749856790379	-1.13309744928277	0.323550958429467	-3.50206797341255	0.000461661822089847	0.013350164683926
ENSG00000251350.2	32.3146517648138	-1.37045156692491	0.392078195199568	-3.49535267123781	0.000473435742099905	0.013564812053017
ENSG00000259495.3	8.42502366120462	-3.12579087336971	0.894311698974508	-3.49519175132563	0.000473721289152818	0.013564812053017
ENSG00000288612.1	33.8631570338344	-1.44565405487585	0.415097962552563	-3.48268164455949	0.000496418317337216	0.0139195378981153
ENSG00000177294.7	36.557153514908	-1.27870475255388	0.36827963507948	-3.4721028011172	0.000516398549999532	0.0143196583698922
ENSG00000162692.12	10.3414506249099	-2.92272452751981	0.841965425531546	-3.47131181268477	0.000517922211723575	0.0143392564390914
ENSG00000150672.18	44.9634222650585	-1.46086494178277	0.421804770028866	-3.46336752351757	0.000533459208227536	0.0145864087720796
ENSG00000169783.13	21.6636577039046	-1.85280396769582	0.535493591712477	-3.45999279238928	0.000540189846881407	0.0147007013679215
ENSG00000137101.13	34.9163994656521	-1.24700832248938	0.360650290357097	-3.45766620970874	0.000544876019472645	0.0148052767334417
ENSG00000146950.13	168.566114414872	-1.45718719681423	0.421728893900862	-3.45527000375928	0.000549741995369716	0.0149144068697444
ENSG00000025434.19	125.216526474668	-1.14694354954345	0.332168468340539	-3.45289712558628	0.000554600464974541	0.0149998489394424
ENSG00000133687.16	96.9363853560644	-1.17714051400534	0.341504656800966	-3.4469237551024	0.000567008576937774	0.0152181980901969
ENSG00000198074.10	10.3956584071512	-2.66749071509983	0.776162234846552	-3.4367695249012	0.000588696309131447	0.0156566459305823
ENSG00000255337.1	19.8676754938457	-2.02003530316192	0.588079624459238	-3.43496904015238	0.000592621529349082	0.0156765750861285
ENSG00000233117.4	60.6726199017213	-1.16572173434544	0.339691323617907	-3.43170888773324	0.00059979101869942	0.0157606762742978
ENSG00000102886.15	37.5995315196742	-1.18938864945514	0.346824697461587	-3.42936549259693	0.000604994222100246	0.0158263242630784
ENSG00000162946.23	26.4195561939042	-1.50951815991236	0.441890465829665	-3.4160460037946	0.00063537512133069	0.0164723015182376
ENSG00000262468.6	54.281577829583	-1.34309514960243	0.394304524824591	-3.40623823731141	0.000658646770394747	0.0169106668014164
ENSG00000180616.9	9.27224791466497	-2.69463885463203	0.790967444477844	-3.40676329151688	0.000657381119481267	0.0169106668014164
ENSG00000248370.2	20.1542125024319	-1.85505051683128	0.545741202975303	-3.3991395678351	0.000675982117834503	0.017246386794112
ENSG00000149294.17	6.67052004233183	-3.55431018849625	1.04612598700923	-3.3975928641804	0.000679815105240624	0.0172974199353079
ENSG00000157111.13	8.82805111649179	-3.22345613700807	0.950063032503084	-3.39288660512913	0.000691602615872009	0.0174671952753977
ENSG00000159761.15	59.3992054239157	-1.2319905688715	0.363296609492556	-3.39114248985786	0.00069601904434615	0.0174781434698254
ENSG00000176928.7	14.479319217459	-2.09880037973092	0.619222659196101	-3.3894114638112	0.000700428232453902	0.0175542351042593
ENSG00000236723.2	13.8712406192333	-2.01985695309443	0.596326785702615	-3.38716455728977	0.00070619016367876	0.0176326542575438
ENSG00000185250.16	48.8001830302291	-1.19586368894279	0.353161883696342	-3.38616295854573	0.00070877281399694	0.01764693504126
ENSG00000186594.14	44.0412818633007	-1.42323445840926	0.420445803353602	-3.38506044550121	0.000711625820403629	0.017692872557429
ENSG00000272540.1	104.240043256073	-1.02269133694819	0.302809410542934	-3.37734331015182	0.000731896388180632	0.0180435074462565
ENSG00000154511.12	227.822658902884	-1.16062468868756	0.34421010014658	-3.37184960055882	0.000746652097767541	0.0183700327829276
ENSG00000140481.15	7.576892743793	-4.39401970513062	1.30577727147937	-3.36506064326917	0.00076526837290981	0.0186825531984505
ENSG00000235092.6	46.3319753695368	-1.09414121830166	0.325736008155511	-3.35898147858218	0.000782303104319615	0.0189549794636865
ENSG00000164512.18	7.1347572627672	-3.21235840836421	0.958577219410897	-3.35117332575293	0.00080469919041949	0.019312540483982
ENSG00000274630.1	42.9900143379313	-1.26100574280648	0.377113907510024	-3.34383250708664	0.00082629608046561	0.0196264886338469
ENSG00000287046.1	15.5915011818993	-1.88170630978564	0.563804382906205	-3.33751628549982	0.000845307679783742	0.0198630330699385
ENSG00000271380.1	59.5617198555863	-1.06512270857419	0.320233570372594	-3.32608073330636	0.000880764138396944	0.0205859559537704
ENSG00000168491.10	62.9377593974986	-1.09069654592262	0.328207408687951	-3.32319294766322	0.000889933359600797	0.0207175069775501
ENSG00000134376.17	12.1869056346284	-2.31778389421158	0.698564439681715	-3.31792424943306	0.000906890756544849	0.0210008620707543
ENSG00000135312.7	16.82495497844	-2.06855617715091	0.625722397305182	-3.30586884225277	0.000946823962748933	0.0218105000237953
ENSG00000185269.12	20.3224436764714	-1.52514417590163	0.462113939282545	-3.30036392814614	0.00096559525472593	0.0221846773641417
ENSG00000154734.16	582.429946520452	-1.12995789265025	0.342503014373381	-3.29911809598971	0.000969890990704582	0.0222542438690687
ENSG00000103021.9	20.2943393856729	-1.56542540185346	0.478856258709669	-3.26909249567223	0.0010789302531851	0.0240947363030001
ENSG00000099953.10	8.27347511708576	-2.78940456235125	0.854802442510827	-3.26321547954154	0.00110155730280643	0.0244754877672927
ENSG00000276600.5	64.5763074749661	-1.00764616728365	0.308981035137005	-3.26119098810335	0.00110945285139554	0.024588669066346
ENSG00000138623.10	162.75734056306	-1.06480439328512	0.326997100882531	-3.25631141808695	0.00112869880569622	0.0247718034743732
ENSG00000280099.1	20.5254412715465	-1.47706730408169	0.454959382012806	-3.24659159142281	0.00116795859989899	0.0251090296871214
ENSG00000078114.19	16.6238419899431	-2.01625528470155	0.621588547901298	-3.24371369374345	0.00117982272837401	0.0252660575165817
ENSG00000182585.10	40.0809833431516	-1.63532663293599	0.504977316492934	-3.23841602290838	0.00120195399950531	0.0256665432522101
ENSG00000126500.4	137.612136679432	-1.14908415701476	0.356189783889447	-3.22604467895523	0.00125513762074019	0.026608008039677
ENSG00000198796.7	1771.37623711284	-1.15572048975414	0.359278820383224	-3.21677879180686	0.00129638511212533	0.0272520333810011
ENSG00000155085.16	33.3178483390007	-1.1385485521976	0.354486608126286	-3.21182387739736	0.00131895207081466	0.0275286155755168
ENSG00000015520.15	47.0245724271286	-1.06975919585817	0.333579229676656	-3.20691188385772	0.00134168085290533	0.0278255158955158
ENSG00000106034.18	33.5693600317561	-1.25538638792029	0.391489068696087	-3.20669589090071	0.00134268854118965	0.0278255158955158
ENSG00000168916.16	8.31881366457404	-3.13154242700317	0.981073100144684	-3.19195626354585	0.00141312728568779	0.0287756650181877
ENSG00000231105.2	40.8059954282911	-1.36416037934512	0.42744645749878	-3.19141814235064	0.00141576222186933	0.0287959145776042
ENSG00000244513.7	42.5740613106549	-1.01203695745985	0.317439987748469	-3.18812057875253	0.00143200807507074	0.0290005662164906
ENSG00000160282.15	20.2134376213522	-1.51449545641495	0.477143837195675	-3.17408575434218	0.00150309275144628	0.0299815762115187
ENSG00000038427.16	5.51772536280505	-4.83412633403704	1.5247820393695	-3.17037203299952	0.00152243874775085	0.0302642891724469
ENSG00000144481.17	29.5246495138559	-1.31649720143724	0.417133719112168	-3.15605557910612	0.00159918384780872	0.0313394939544008
ENSG00000176055.10	323.137600482402	-1.1726198998289	0.371491652024768	-3.15651749760104	0.00159665307471039	0.0313394939544008
ENSG00000095370.20	35.3456566939693	-1.09078789896224	0.34553985506041	-3.15676435869181	0.00159530207683223	0.0313394939544008
ENSG00000110002.16	24.1364597654776	-1.47494913080155	0.467257515547196	-3.15660868306049	0.00159615392098943	0.0313394939544008
ENSG00000146411.6	6.78691969094173	-3.1551825628029	1.00006717694552	-3.15497062151334	0.00160514267572735	0.0314033886125136
ENSG00000266840.1	7.15875840388649	-3.19649233563649	1.01522216313663	-3.14856437507294	0.001640745805246	0.0318937000215758
ENSG00000160097.20	30.1598116840278	-1.3690770457682	0.435086124766483	-3.14668054859943	0.00165135272641895	0.0320289440959468
ENSG00000280213.1	41.1914434557939	-1.17384117864434	0.373726005291987	-3.14091382997884	0.00168421578126906	0.0324868567127647
ENSG00000173210.20	40.9778121548448	-1.29508692580923	0.413883385909058	-3.12911068649129	0.00175336246747878	0.033320949991542
ENSG00000206530.11	53.048050540092	-1.06482455140654	0.343133810004938	-3.10323413303754	0.00191418138100102	0.0352566902211028
ENSG00000260941.1	23.257682095081	-1.44770240809494	0.46710074229756	-3.09933656061865	0.0019395455594815	0.0355745488041575
ENSG00000242779.7	140.396760922047	-1.17210321889848	0.379072502827823	-3.09202912412473	0.00198793344197204	0.0361597882973421
ENSG00000135424.18	39.2697547383515	-1.00738256616838	0.327156208050504	-3.07920969059792	0.00207550541223407	0.0372889933479474
ENSG00000165379.14	9.34300050393575	-2.55333460942897	0.831060130250063	-3.07238251059004	0.00212357411217163	0.0378811955192568
ENSG00000137261.15	30.831176573496	-1.22168362455086	0.398614653869005	-3.06482366539474	0.00217798367542283	0.03865535637482
ENSG00000157890.18	9.93168563445982	-2.24594601092312	0.733420822946865	-3.062288307958	0.00219651779172598	0.038866197714925
ENSG00000111907.21	7.46751055289276	-3.28403923233233	1.07381489114557	-3.05829175904689	0.00222602731887891	0.0391517610503823
ENSG00000241322.11	7.84561757501899	-2.42871655868598	0.798812178182702	-3.04041003006654	0.00236256266268215	0.0407768558682986
ENSG00000182798.10	19.0779358185897	-1.97458207584767	0.649650011131854	-3.039455155873	0.00237006484139069	0.0408661573290086
ENSG00000187398.12	52.4382850042926	-1.23911023344213	0.40873980338409	-3.03153796910193	0.00243311317461452	0.0414645005378725
ENSG00000275857.1	38.908354423712	-1.04467403283047	0.345842169750633	-3.02066700999396	0.00252218569608491	0.0425421325064651
ENSG00000171435.14	32.8532147176646	-1.16790341904686	0.387951182494551	-3.01043912674055	0.00260870232977496	0.0434445464843832
ENSG00000204682.8	88.8930893199629	-1.21217742763109	0.403268736784483	-3.00587999282203	0.002648134879253	0.0438616779910291
ENSG00000177570.15	19.5845246958349	-1.45242918683528	0.485989218421874	-2.9886037216045	0.00280255358565146	0.0457118208161312
ENSG00000261799.1	78.6930471175691	-1.15385543910168	0.386893291502922	-2.98236093631767	0.00286034561412903	0.0463597844550387
ENSG00000006468.14	57.2272247911015	-1.19846294357683	0.402756479624697	-2.9756515517605	0.00292366850073915	0.0469525646783846
ENSG00000178695.6	26.0417467825813	-1.31777113250464	0.44584909617216	-2.95564383514146	0.00312017172654454	0.0491637112352211
ENSG00000185261.15	11.8149929267179	-1.83490657267485	0.621211661570068	-2.95375422933506	0.00313933911141867	0.0493770783357812
ENSG00000172346.15	19.2536127225242	-1.6799523572543	0.569790429054262	-2.94836885913069	0.00319455645937184	0.0499323682380711
